Layer 3			
phi	   kx	          ky	                  kz
0.20659	276.22060	82.86618	151.29225
0.27185	476.80333	143.04100	261.15594
0.30719	428.03152	128.40946	234.44252
0.29461	463.51541	139.05462	253.87785
0.27883	325.46409	97.63923	178.26402
0.25720	364.55725	109.36718	199.67623
0.33273	424.93899	127.48170	232.74867
0.27899	312.68148	93.80444	171.26270
0.20369	246.83710	74.05113	135.19825
0.19563	289.85392	86.95618	158.75953
0.23857	405.08604	121.52581	221.87476
0.28156	541.95918	162.58775	296.84327
0.28086	530.26586	159.07976	290.43857
0.28868	494.49705	148.34912	270.84719
0.27179	486.20373	145.86112	266.30475
0.35386	660.15108	198.04532	361.57964
0.37477	603.07659	180.92298	330.31865
0.26989	449.91824	134.97547	246.43037
0.20665	407.30472	122.19142	223.08998
0.19851	266.38456	79.91537	145.90483
0.19987	310.30246	93.09074	169.95966
0.26070	414.41238	124.32371	226.98301
0.26076	412.91650	123.87495	226.16368
0.31345	494.72642	148.41793	270.97282
0.30914	426.73832	128.02150	233.73420
0.28479	440.97385	132.29216	241.53132
0.31836	441.57313	132.47194	241.85956
0.25749	239.32032	71.79610	131.08114
0.24686	238.62736	71.58821	130.70159
0.21365	306.01608	91.80482	167.61191
0.22687	365.20172	109.56052	200.02922
0.26854	481.24691	144.37407	263.58979
0.27382	553.64617	166.09385	303.24450
0.26586	486.18179	145.85454	266.29273
0.29351	452.73149	135.81945	247.97125
0.35122	647.83721	194.35116	354.83505
0.35442	615.95167	184.78550	337.37062
0.24334	455.56833	136.67050	249.52505
0.21881	363.72180	109.11654	199.21863
0.22331	336.22579	100.86774	184.15845
0.20547	370.50816	111.15245	202.93568
0.19759	316.51809	94.95543	173.36410
0.27257	436.82619	131.04786	239.25956
0.30620	530.19445	159.05834	290.39946
0.30807	531.93145	159.57944	291.35085
0.31800	480.54026	144.16208	263.20274
0.31146	459.28086	137.78426	251.55849
0.32136	327.50628	98.25188	179.38258
0.25398	295.14490	88.54347	161.65752
0.21260	245.48472	73.64542	134.45752
0.22252	344.83886	103.45166	188.87602
0.27947	529.46247	158.83874	289.99854
0.28972	616.61347	184.98404	337.73311
0.26272	527.57503	158.27251	288.96474
0.30958	474.92351	142.47705	260.12632
0.33190	501.28447	150.38534	274.56481
0.37345	642.43385	192.73016	351.87551
0.29188	575.13387	172.54016	315.01379
0.21571	389.98781	116.99634	213.60512
0.22917	396.43705	118.93112	217.13751
0.20277	433.80092	130.14028	237.60255
0.21544	319.65347	95.89604	175.08142
0.24425	452.88504	135.86551	248.05535
0.30152	514.86843	154.46053	282.00505
0.32609	507.39904	152.21971	277.91390
0.29982	416.10740	124.83222	227.91141
0.30511	491.37754	147.41326	269.13856
0.29858	334.70849	100.41255	183.32739
0.28099	339.67574	101.90272	186.04807
0.25527	274.64706	82.39412	150.43039
0.23781	328.16272	98.44882	179.74212
0.27217	450.28209	135.08463	246.62966
0.31068	617.71998	185.31599	338.33917
0.28015	610.46208	183.13862	334.36385
0.32764	590.88425	177.26528	323.64063
0.30429	518.66936	155.60081	284.08691
0.32651	549.53077	164.85923	300.99040
0.29578	531.13058	159.33917	290.91220
0.23088	455.70228	136.71068	249.59842
0.20633	374.66467	112.39940	205.21229
0.23654	570.01901	171.00570	312.21227
0.20153	365.42707	109.62812	200.15265
0.22739	401.60914	120.48274	219.97039
0.26549	452.85334	135.85600	248.03799
0.32586	551.21027	165.36308	301.91030
0.28516	439.62900	131.88870	240.79472
0.31178	482.00182	144.60055	264.00327
0.29775	468.03795	140.41139	256.35494
0.31516	395.44954	118.63486	216.59663
0.28399	321.78665	96.53600	176.24981
0.25614	292.54087	87.76226	160.23123
0.25980	376.42366	112.92710	206.17573
0.29268	526.83778	158.05133	288.56094
0.28045	551.40203	165.42061	302.01533
0.32141	588.06145	176.41844	322.09452
0.35565	532.43139	159.72942	291.62468
0.34092	507.12290	152.13687	277.76265
0.34589	620.78604	186.23581	340.01852
0.26539	493.52112	148.05634	270.31265
0.18500	427.17734	128.15320	233.97467
0.24441	554.03789	166.21137	303.45905
0.22831	455.23047	136.56914	249.34000
0.24252	472.81256	141.84377	258.97010
0.26358	465.08799	139.52640	254.73918
0.30191	533.77523	160.13257	292.36073
0.28914	440.12007	132.03602	241.06369
0.30277	450.79085	135.23726	246.90832
0.30802	495.54870	148.66461	271.42320
0.31214	400.87823	120.26347	219.57005
0.28508	306.57045	91.97114	167.91555
0.26572	265.12550	79.53765	145.21522
0.23982	277.70492	83.31148	152.10525
0.30857	503.64185	151.09256	275.85600
0.29553	593.93562	178.18069	325.31194
0.32989	607.39393	182.21818	332.68336
0.31190	470.68408	141.20522	257.80429
0.33174	594.01741	178.20522	325.35674
0.34757	583.53108	175.05932	319.61314
0.25766	476.70644	143.01193	261.10287
0.21979	425.07319	127.52196	232.82217
0.22952	522.00803	156.60241	285.91557
0.23687	585.63414	175.69024	320.76503
0.21861	399.42730	119.82819	218.77534
0.26388	497.62826	149.28848	272.56222
0.28958	545.04745	163.51424	298.53478
0.32280	429.17660	128.75298	235.06970
0.31792	448.33516	134.50055	245.56328
0.32954	512.35050	153.70515	280.62593
0.30716	424.93180	127.47954	232.74473
0.29821	332.60400	99.78120	182.17471
0.29566	354.17952	106.25386	193.99211
0.24194	288.93587	86.68076	158.25669
0.27006	335.15522	100.54657	183.57207
0.29565	588.22278	176.46683	322.18289
0.31766	564.50873	169.35262	309.19417
0.30447	490.96726	147.29018	268.91384
0.30742	524.45786	157.33736	287.25740
0.35126	565.89664	169.76899	309.95435
0.30884	605.65896	181.69769	331.73307
0.20692	407.38310	122.21493	223.13291
0.23122	479.95683	143.98705	262.88318
0.22051	538.25731	161.47719	294.81567
0.26507	584.81503	175.44451	320.31638
0.27237	440.89777	132.26933	241.48965
0.27463	541.76466	162.52940	296.73673
0.28512	450.65139	135.19542	246.83193
0.28032	502.50881	150.75264	275.23541
0.30930	487.77452	146.33236	267.16511
0.31768	481.26862	144.38059	263.60168
0.31443	318.33622	95.50087	174.35993
0.29930	356.05419	106.81626	195.01891
0.26672	293.75690	88.12707	160.89728
0.26547	358.27981	107.48394	196.23793
0.27211	427.99398	128.39819	234.42196
0.31745	583.13076	174.93923	319.39387
0.32857	565.01680	169.50504	309.47245
0.31210	468.24503	140.47351	256.46837
0.35374	577.47592	173.24278	316.29659
0.32393	573.89651	172.16895	314.33606
0.23073	500.38873	150.11662	274.07419
0.25227	519.59836	155.87951	284.59574
0.24459	555.91238	166.77371	304.48575
0.24100	587.76449	176.32935	321.93187
0.28943	497.55034	149.26510	272.51954
0.27962	551.48713	165.44614	302.06194
0.28675	508.75310	152.62593	278.65555
0.27061	393.17739	117.95322	215.35213
0.31333	505.49680	151.64904	276.87200
0.29743	427.70851	128.31255	234.26560
0.31454	393.22463	117.96739	215.37800
0.30102	358.29350	107.48805	196.24543
0.28886	303.29775	90.98933	166.12302
0.26877	252.75440	75.82632	138.43929
0.28476	408.46309	122.53893	223.72445
0.30760	538.31029	161.49309	294.84469
0.30367	597.59592	179.27878	327.31677
0.29781	424.99178	127.49753	232.77758
0.31402	501.16221	150.34866	274.49785
0.30825	558.22129	167.46639	305.75039
0.21808	482.45744	144.73723	264.25282
0.23163	496.74426	149.02328	272.07804
0.23704	532.15125	159.64538	291.47124
0.22913	489.19662	146.75899	267.94402
0.24756	463.02132	138.90640	253.60722
0.26746	511.56165	153.46850	280.19386
0.28834	544.99297	163.49789	298.50494
0.28565	436.58393	130.97518	239.12687
0.28452	500.90466	150.27140	274.35678
0.27787	447.75935	134.32781	245.24790
0.32231	421.93140	126.57942	231.10135
0.27966	266.73780	80.02134	146.09831
0.32300	338.75777	101.62733	185.54527
0.27574	251.66969	75.50091	137.84517
0.27584	343.44724	103.03417	188.11380
0.27476	422.08925	126.62678	231.18780
0.30620	576.83665	173.05100	315.94645
0.26824	429.56319	128.86896	235.28145
0.28194	387.66972	116.30092	212.33545
0.31566	487.92474	146.37742	267.24739
0.24530	508.29091	152.48727	278.40240
0.26616	496.96121	149.08836	272.19686
0.25384	554.92263	166.47679	303.94364
0.25481	561.93413	168.58024	307.78400
0.27500	640.30667	192.09200	350.71041
0.27296	559.18560	167.75568	306.27857
0.27981	560.85673	168.25702	307.19388
0.27965	460.31256	138.09377	252.12357
0.27505	477.70446	143.31134	261.64951
0.28586	437.01865	131.10560	239.36497
0.32247	431.72688	129.51806	236.46655
0.30914	357.04933	107.11480	195.56397
0.29785	347.05136	104.11541	190.08786
0.27348	153.14972	45.94492	83.88356
0.30662	327.18334	98.15500	179.20570
0.24306	370.47197	111.14159	202.91585
0.29632	547.68150	164.30445	299.97751
0.30508	536.00437	160.80131	293.58168
0.28219	456.39881	136.91964	249.97992
0.31772	470.17822	141.05347	257.52722
0.28348	510.53214	153.15964	279.62997
0.27444	530.97284	159.29185	290.82580
0.23376	575.71860	172.71558	315.33406
0.25975	616.68830	185.00649	337.77409
0.27983	627.10158	188.13047	343.47768
0.26646	551.71242	165.51373	302.18534
0.31733	655.03734	196.51120	358.77873
0.29970	572.27113	171.68134	313.44581
0.28629	489.40835	146.82251	268.05999
0.27214	453.84532	136.15360	248.58132
0.29359	460.82333	138.24700	252.40333
0.34003	397.39643	119.21893	217.66299
0.27970	301.30393	90.39118	165.03096
0.29565	219.54907	65.86472	120.25198
0.32331	317.01233	95.10370	173.63480
0.28301	382.05299	114.61590	209.25904
0.24036	388.12155	116.43647	212.58293
0.29243	550.80945	165.24284	301.69076
0.27237	412.72688	123.81806	226.05982
0.31062	541.69227	162.50768	296.69708
0.31286	550.28581	165.08574	301.40395
0.27098	566.33924	169.90177	310.19678
0.27365	584.76353	175.42906	320.28818
0.26415	567.37489	170.21247	310.76403
0.27915	582.36303	174.70891	318.97337
0.29853	579.51994	173.85598	317.41614
0.28422	581.45176	174.43553	318.47425
0.29243	657.01272	197.10382	359.86069
0.26361	463.78407	139.13522	254.02500
0.27227	416.43755	124.93127	228.09224
0.30428	468.58023	140.57407	256.65196
0.34192	463.99929	139.19979	254.14288
0.26348	265.01654	79.50496	145.15554
0.29916	309.64017	92.89205	169.59691
0.33944	295.43473	88.63042	161.81627
0.32281	389.62667	116.88800	213.40732
0.21699	400.18458	120.05537	219.19012
0.26441	488.08232	146.42470	267.33370
0.27616	410.79461	123.23838	225.00147
0.30549	520.98438	156.29531	285.35490
0.29417	507.72394	152.31718	278.09185
0.27186	497.05576	149.11673	272.24865
0.30407	614.09203	184.22761	336.35206
0.28072	630.24243	189.07273	345.19800
0.25461	552.81475	165.84443	302.78911
0.28843	602.94541	180.88362	330.24680
0.26462	561.57789	168.47337	307.58888
0.27840	599.88798	179.96639	328.57218
0.27316	517.10884	155.13265	283.23218
0.26341	433.34335	130.00301	237.35193
0.29442	457.12462	137.13739	250.37747
0.32877	425.72903	127.71871	233.18139
0.29318	298.83801	89.65140	163.68032
0.30447	321.74604	96.52381	176.22756
0.34374	284.15952	85.24786	155.64058
0.32621	323.99562	97.19869	177.45971
0.26988	367.74698	110.32409	201.42332
0.22633	414.99274	124.49782	227.30088
0.26050	496.21562	148.86469	271.78849
0.30121	520.47885	156.14366	285.07801
0.29091	562.68945	168.80684	308.19770
0.27802	442.19833	132.65950	242.20200
0.30220	628.41372	188.52412	344.19637
0.31057	648.57012	194.57104	355.23648
0.25396	561.44730	168.43419	307.51735
0.27386	539.83714	161.95114	295.68098
0.27530	609.05611	182.71683	333.59377
0.25086	501.75090	150.52527	274.82029
0.28918	651.86795	195.56039	357.04278
0.27586	454.70339	136.41102	249.05130
0.28578	399.43894	119.83168	218.78172
0.32523	496.74116	149.02235	272.07634
0.31753	380.80444	114.24133	208.57518
0.26462	283.49986	85.04996	155.27927
0.36538	334.90710	100.47213	183.43617
0.34885	294.93322	88.47997	161.54158
0.29794	345.90015	103.77005	189.45731
0.18977	349.01247	104.70374	191.16200
0.24029	380.57481	114.17244	208.44941
0.26236	453.14474	135.94342	248.19760
0.29721	521.37805	156.41342	285.57052
0.28767	431.52562	129.45769	236.35632
0.27532	533.17096	159.95129	292.02976
0.29782	606.88768	182.06630	332.40607
0.26581	566.36360	169.90908	310.21012
0.24743	463.69924	139.10977	253.97853
0.32633	723.62420	217.08726	396.34530
0.27030	555.96356	166.78907	304.51378
0.27891	573.14050	171.94215	313.92198
0.22595	461.61970	138.48591	252.83952
0.27092	448.40696	134.52209	245.60261
0.31977	437.41282	131.22385	239.58087
0.32810	427.26191	128.17857	234.02099
0.25014	284.16413	85.24924	155.64310
0.30351	275.59419	82.67826	150.94915
0.37502	327.35816	98.20745	179.30145
0.29958	317.84506	95.35352	174.09091
0.21073	282.65633	84.79690	154.81725
0.20865	382.12459	114.63738	209.29826
0.27446	487.77932	146.33380	267.16774
0.28032	583.57228	175.07168	319.63570
0.27714	425.79188	127.73756	233.21582
0.28430	469.69823	140.90947	257.26432
0.31245	609.09577	182.72873	333.61549
0.26370	527.85998	158.35799	289.12082
0.28263	522.86424	156.85927	286.38454
0.32064	662.01445	198.60434	362.60025
0.28052	533.15629	159.94689	292.02173
0.27591	551.33455	165.40037	301.97837
0.24393	505.88519	151.76556	277.08473
0.28962	509.10824	152.73247	278.85007
0.30861	450.57649	135.17295	246.79091
0.33352	420.39506	126.11852	230.25986
0.27193	296.66413	88.99924	162.48964
0.28417	244.25419	73.27626	133.78353
0.35182	379.81763	113.94529	208.03468
0.33126	268.25549	80.47665	146.92958
0.23525	334.67441	100.40232	183.30872
0.16705	277.78582	83.33575	152.14956
0.23796	431.68498	129.50549	236.44360
0.27298	521.68456	156.50537	285.73840
0.29933	513.16568	153.94970	281.07242
0.26442	444.11754	133.23526	243.25319
0.30012	591.86411	177.55923	324.17732
0.30834	634.53471	190.36041	347.54897
0.29064	487.94011	146.38203	267.25580
0.28797	546.44322	163.93297	299.29928
0.29539	562.84601	168.85380	308.28346
0.25221	512.93235	153.87971	280.94462
0.24818	514.84086	154.45226	281.98995
0.24996	465.52593	139.65778	254.97905
0.28228	383.54033	115.06210	210.07369
0.30487	407.94746	122.38424	223.44203
0.29513	355.08413	106.52524	194.48759
0.26598	243.09336	72.92801	133.14772
0.32260	324.12548	97.23764	177.53084
0.35889	313.10923	93.93277	171.49699
0.27007	340.74352	102.22306	186.63291
0.16951	272.64457	81.79337	149.33358
0.19812	425.48682	127.64605	233.04873
0.27541	550.37958	165.11387	301.45531
0.28200	451.38930	135.41679	247.23610
0.28279	445.07919	133.52376	243.77991
0.28780	490.75141	147.22542	268.79562
0.33142	636.97581	191.09274	348.88602
0.27521	490.38481	147.11544	268.59482
0.28233	546.02956	163.80887	299.07271
0.29375	678.60892	203.58268	371.68941
0.24988	519.96494	155.98948	284.79653
0.26960	496.71135	149.01341	272.06001
0.20533	455.43291	136.62987	249.45088
0.28679	469.04900	140.71470	256.90872
0.28292	355.12869	106.53861	194.51199
0.29158	330.70361	99.21108	181.13383
0.28797	344.86639	103.45992	188.89110
0.27702	268.93742	80.68123	147.30309
0.34027	320.75119	96.22536	175.68266
0.27214	277.07781	83.12334	151.76177
0.18929	298.90952	89.67286	163.71949
0.15026	289.04131	86.71239	158.31445
0.24296	456.15918	136.84775	249.84867
0.26681	483.70286	145.11086	264.93497
0.28637	460.44014	138.13204	252.19345
0.30063	496.43083	148.92925	271.90636
0.28110	576.81238	173.04371	315.93315
0.27963	530.48882	159.14665	290.56069
0.27786	480.19621	144.05886	263.01430
0.28322	649.71432	194.91430	355.86319
0.28163	654.02938	196.20881	358.22664
0.27228	466.22675	139.86803	255.36291
0.20421	410.26587	123.07976	224.71187
0.24530	406.87871	122.06361	222.85665
0.27855	445.06578	133.51973	243.77257
0.29973	406.32312	121.89694	222.55234
0.27216	291.39524	87.41857	159.60375
0.27687	269.37307	80.81192	147.54171
0.29841	321.09732	96.32920	175.87225
0.27109	246.90873	74.07262	135.23748
0.19788	295.10369	88.53111	161.63495
0.11698	346.99625	104.09888	190.05767
0.21721	465.86608	139.75982	255.16536
0.24722	493.65732	148.09720	270.38725
0.29370	531.72396	159.51719	291.23721
0.32280	529.90624	158.97187	290.24160
0.31448	546.25434	163.87630	299.19582
0.27480	544.90119	163.47036	298.45467
0.29075	494.77760	148.43328	271.00085
0.28195	602.66265	180.79880	330.09193
0.28359	617.85527	185.35658	338.41327
0.22809	458.45186	137.53556	251.10443
0.20307	367.67340	110.30202	201.38301
0.20655	348.22843	104.46853	190.73257
0.27525	516.20462	154.86139	282.73691
0.30084	410.36474	123.10942	224.76602
0.25361	307.11164	92.13349	168.21197
0.23814	265.61208	79.68362	145.48173
0.25399	303.34134	91.00240	166.14689
0.31053	335.94139	100.78242	184.00268
0.23445	289.22639	86.76792	158.41582
0.17944	442.79146	132.83744	242.52687
0.13210	284.42449	85.32735	155.78571
0.27295	477.68446	143.30534	261.63855
0.26156	477.63914	143.29174	261.61373
0.30180	513.94189	154.18257	281.49757
0.31647	477.49920	143.24976	261.53708
0.28693	546.84809	164.05443	299.52103
0.28502	551.26106	165.37832	301.93812
0.28297	602.17024	180.65107	329.82222
0.25687	584.03688	175.21106	319.89017
0.26610	563.22178	168.96653	308.48927
0.24362	397.58488	119.27546	217.76621
0.20003	365.92357	109.77707	200.42459
0.27965	504.60895	151.38269	276.38570
0.29416	465.08651	139.52595	254.73837
0.27285	398.98900	119.69670	218.53528
0.22389	316.01999	94.80600	173.09128
0.24928	305.36689	91.61007	167.25633
0.32858	369.41171	110.82351	202.33513
0.24067	282.93185	84.87956	154.96816
0.17212	385.47982	115.64395	211.13599
0.18166	411.05088	123.31526	225.14184
0.31124	519.56991	155.87097	284.58016
0.24237	479.94257	143.98277	262.87537
0.27205	424.27075	127.28123	232.38266
0.29467	443.57486	133.07246	242.95596
0.31532	546.25163	163.87549	299.19434
0.29409	586.14421	175.84326	321.04441
0.27747	508.67240	152.60172	278.61135
0.24413	532.16143	159.64843	291.47682
0.28247	643.05510	192.91653	352.21578
0.21901	386.16314	115.84894	211.51026
0.23156	425.29566	127.58870	232.94403
0.27826	458.47921	137.54376	251.11941
0.27044	519.35308	155.80592	284.46140
0.25757	377.07364	113.12209	206.53174
0.22181	314.07617	94.22285	172.02660
0.21601	340.07803	102.02341	186.26841
0.29896	381.07996	114.32399	208.72609
0.25773	343.49047	103.04714	188.13748
0.19668	398.83122	119.64937	218.44886
0.17485	463.87580	139.16274	254.07524
0.25918	443.04341	132.91302	242.66487
0.28325	507.40196	152.22059	277.91550
0.24000	424.84464	127.45339	232.69699
0.31594	469.61696	140.88509	257.21980
0.33048	645.26201	193.57860	353.42456
0.29261	578.75459	173.62638	316.99694
0.26989	498.40740	149.52222	272.98898
0.25566	527.60337	158.28101	288.98027
0.28738	617.71702	185.31511	338.33755
0.25466	512.52072	153.75622	280.71916
0.23555	440.81986	132.24596	241.44698
0.24224	421.18013	126.35404	230.68986
0.29782	579.25065	173.77520	317.26865
0.28577	462.10050	138.63015	253.10287
0.24993	362.49218	108.74765	198.54514
0.18969	328.32145	98.49644	179.82906
0.26147	378.98235	113.69471	207.57718
0.31719	413.59079	124.07724	226.53301
0.20176	450.65298	135.19589	246.83280
0.17799	486.93542	146.08063	266.70551
0.25015	480.63215	144.18965	263.25307
0.25229	416.28843	124.88653	228.01056
0.25818	465.73377	139.72013	255.09289
0.32514	464.45432	139.33630	254.39211
0.30953	515.65387	154.69616	282.43526
0.26257	511.79962	153.53989	280.32420
0.28455	562.84020	168.85206	308.28027
0.29116	520.19361	156.05808	284.92177
0.24110	525.34539	157.60362	287.74352
0.26101	515.91178	154.77353	282.57652
0.21691	387.04385	116.11316	211.99265
0.23750	383.91296	115.17389	210.27779
0.28868	589.49041	176.84712	322.87719
0.22737	433.61165	130.08350	237.49888
0.25373	412.40375	123.72113	225.88284
0.19899	347.90185	104.37056	190.55369
0.25579	367.99255	110.39777	201.55782
0.28213	380.18691	114.05607	208.23695
0.23962	441.39840	132.41952	241.76386
0.16340	477.86598	143.35979	261.73798
0.20500	365.28606	109.58582	200.07542
0.24451	368.39242	110.51773	201.77684
0.26134	382.05874	114.61762	209.26219
0.29647	441.20149	132.36045	241.65601
0.30547	453.13661	135.94098	248.19314
0.29274	619.94966	185.98490	339.56041
0.30089	609.08476	182.72543	333.60946
0.30615	556.88092	167.06428	305.01624
0.25551	571.80617	171.54185	313.19114
0.30044	599.76735	179.93021	328.50611
0.23728	456.52107	136.95632	250.04689
0.23561	385.77114	115.73134	211.29556
0.31922	617.34150	185.20245	338.13187
0.27021	505.32779	151.59834	276.77943
0.24490	429.80471	128.94141	235.41373
0.20024	313.28508	93.98552	171.59331
0.20992	383.06740	114.92022	209.81466
0.24779	371.34910	111.40473	203.39628
0.29413	415.51033	124.65310	227.58438
0.20632	428.69141	128.60742	234.80396
0.17909	303.61206	91.08362	166.29517
0.24225	406.53413	121.96024	222.66791
0.25758	424.64312	127.39294	232.58662
0.28354	399.66806	119.90042	218.90721
0.28990	395.06294	118.51888	216.38488
0.28396	538.61697	161.58509	295.01266
0.26751	506.25240	151.87572	277.28586
0.28989	547.36974	164.21092	299.80675
0.26435	458.99131	137.69739	251.39989
0.29318	583.16195	174.94859	319.41095
0.29061	494.35505	148.30652	270.76941
0.22456	418.68304	125.60491	229.32215
0.29744	552.69502	165.80851	302.72353
0.28184	604.85415	181.45625	331.29226
0.28428	545.60400	163.68120	298.83962
0.21836	371.81677	111.54503	203.65243
0.21534	367.21369	110.16411	201.13122
0.22940	341.68805	102.50642	187.15025
0.25717	336.29427	100.88828	184.19596
0.24031	441.41431	132.42429	241.77257
0.16214	312.27804	93.68341	171.04173
0.25676	415.79531	124.73859	227.74047
0.27294	421.10970	126.33291	230.65128
0.27417	374.14383	112.24315	204.92702
0.31182	458.34518	137.50355	251.04599
0.28148	409.51102	122.85331	224.29842
0.30063	552.20647	165.66194	302.45594
0.27608	522.80607	156.84182	286.35268
0.27504	524.65959	157.39788	287.36789
0.25573	540.24808	162.07442	295.90606
0.25865	406.09201	121.82760	222.42575
0.24271	450.81348	135.24404	246.92071
0.26567	456.84195	137.05259	250.22264
0.26285	605.40784	181.62235	331.59553
0.25447	601.30616	180.39185	329.34895
0.22535	481.60787	144.48236	263.78749
0.19969	348.56097	104.56829	190.91471
0.23897	426.40237	127.92071	233.55020
0.21693	318.53247	95.55974	174.46742
0.27419	443.24880	132.97464	242.77737
0.14320	304.71657	91.41497	166.90014
0.17152	271.66147	81.49844	148.79512
0.25826	339.32609	101.79783	185.85655
0.26922	398.99314	119.69794	218.53754
0.30693	458.78552	137.63566	251.28718
0.26614	378.93971	113.68191	207.55383
0.28102	488.40646	146.52194	267.51124
0.30329	532.41696	159.72509	291.61678
0.29358	490.32805	147.09842	268.56373
0.28686	564.25117	169.27535	309.05309
0.27009	456.00216	136.80065	249.76267
0.23172	390.15930	117.04779	213.69905
0.27105	489.37785	146.81336	268.04329
0.30832	666.59371	199.97811	365.10841
0.25946	687.84089	206.35227	376.74597
0.25616	578.08632	173.42590	316.63092
0.18598	347.01113	104.10334	190.06582
0.21337	350.93732	105.28120	192.21629
0.25125	377.27727	113.18318	206.64327
0.26598	442.21097	132.66329	242.20892
0.13654	231.86902	69.56071	126.99989
0.12584	219.12207	65.73662	120.01810
0.25742	352.85761	105.85728	193.26807
0.29846	416.60730	124.98219	228.18522
0.30079	400.06016	120.01805	219.12197
0.25260	315.57850	94.67355	172.84946
0.30168	534.83407	160.45022	292.94068
0.25818	443.39150	133.01745	242.85553
0.25323	465.47145	139.64144	254.94921
0.31186	551.22119	165.36636	301.91628
0.25833	500.09433	150.02830	273.91295
0.26469	421.37829	126.41349	230.79839
0.27793	465.51911	139.65573	254.97532
0.31224	586.26370	175.87911	321.10985
0.28246	647.30639	194.19192	354.54431
0.27658	596.50164	178.95049	326.71740
0.20952	434.90792	130.47238	238.20888
0.21785	425.75975	127.72793	233.19822
0.21080	356.08262	106.82479	195.03448
0.25089	388.74005	116.62202	212.92169
