Layer 1			
phi	   kx	          ky	            kz
0.18741	431.59120	129.47736	236.39224
0.21411	451.80883	135.54265	247.46589
0.25381	540.76252	162.22876	296.18783
0.26445	735.88500	220.76550	403.06081
0.26161	821.61728	246.48518	450.01832
0.25278	759.07840	227.72352	415.76436
0.21990	780.06244	234.01873	427.25779
0.22078	793.56313	238.06894	434.65243
0.22009	822.81310	246.84393	450.67330
0.19429	807.97906	242.39372	442.54836
0.20320	848.03663	254.41099	464.48879
0.19760	851.76662	255.52999	466.53179
0.15529	594.55461	178.36638	325.65097
0.15961	521.47187	156.44156	285.62191
0.15708	569.82178	170.94653	312.10424
0.15818	539.80555	161.94167	295.66368
0.14508	509.56039	152.86812	279.09772
0.16371	392.95205	117.88562	215.22870
0.17126	301.19655	90.35897	164.97214
0.18349	388.90846	116.67254	213.01394
0.20896	519.86406	155.95922	284.74127
0.20935	473.92295	142.17689	259.57829
0.19659	424.21562	127.26469	232.35246
0.23458	558.26469	167.47941	305.77416
0.25168	734.10321	220.23096	402.08489
0.26506	788.27406	236.48222	431.75548
0.23696	780.85084	234.25525	427.68962
0.24126	905.21519	271.56456	495.80678
0.21293	873.77981	262.13394	478.58891
0.21431	867.10725	260.13218	474.93420
0.21909	902.34062	270.70219	494.23231
0.23431	1003.71246	301.11374	549.75596
0.22105	906.16689	271.85007	496.32805
0.19832	719.93979	215.98194	394.32726
0.19017	640.42600	192.12780	350.77577
0.18293	556.46894	166.94068	304.79059
0.17893	561.97109	168.59133	307.80424
0.19592	599.76105	179.92832	328.50266
0.18814	450.33669	135.10101	246.65956
0.18303	345.24623	103.57387	189.09915
0.23504	620.79890	186.23967	340.02556
0.22881	577.01105	173.10332	316.04197
0.20550	579.99399	173.99820	317.67579
0.20152	502.63716	150.79115	275.30571
0.22679	545.70858	163.71257	298.89690
0.23852	583.37998	175.01399	319.53037
0.25318	751.84821	225.55446	411.80422
0.23121	800.15715	240.04715	438.26412
0.25239	963.40270	289.02081	527.67739
0.23216	932.34381	279.70314	510.66574
0.22530	967.29524	290.18857	529.80942
0.22074	890.40185	267.12056	487.69318
0.22969	1012.13246	303.63974	554.36778
0.24501	1025.30043	307.59013	561.58017
0.24159	908.19658	272.45897	497.43975
0.21257	792.62588	237.78776	434.13907
0.22205	688.56525	206.56958	377.14272
0.19734	607.27170	182.18151	332.61641
0.19133	502.31261	150.69378	275.12795
0.21824	563.82646	169.14794	308.82047
0.23062	570.65825	171.19748	312.56240
0.22216	600.80976	180.24293	329.07706
0.22357	591.77756	177.53327	324.12992
0.20476	630.68599	189.20580	345.44094
0.17028	489.35226	146.80568	268.02927
0.20848	412.00515	123.60155	225.66451
0.22370	511.12583	153.33775	279.95515
0.24209	646.73279	194.01984	354.23014
0.24566	831.61840	249.48552	455.49616
0.25362	973.50342	292.05103	533.20978
0.24742	959.90901	287.97270	525.76382
0.22883	919.47183	275.84155	503.61546
0.20793	879.43919	263.83176	481.68868
0.24803	1055.35535	316.60661	578.04193
0.23867	1001.58295	300.47489	548.58957
0.23704	817.61328	245.28398	447.82524
0.23768	780.30815	234.09245	427.39238
0.24745	713.89919	214.16976	391.01869
0.19389	560.91637	168.27491	307.22655
0.19741	630.69059	189.20718	345.44346
0.24895	554.54864	166.36459	303.73880
0.22391	544.67912	163.40374	298.33304
0.21036	617.40749	185.22225	338.16801
0.21925	592.41557	177.72467	324.47937
0.21536	596.28397	178.88519	326.59818
0.18355	543.31385	162.99416	297.58525
0.19171	481.74908	144.52472	263.86484
0.21728	525.09169	157.52751	287.60456
0.23003	518.64413	155.59324	284.07309
0.24910	784.00388	235.20116	429.41661
0.23832	939.40603	281.82181	514.53387
0.25594	937.33121	281.19936	513.39745
0.25243	1019.83571	305.95071	558.58702
0.23230	868.90793	260.67238	475.92047
0.24881	1084.81653	325.44496	594.17848
0.25287	1143.18132	342.95440	626.14620
0.24620	919.09599	275.72880	503.40961
0.23931	766.12626	229.83788	419.62463
0.26807	634.79741	190.43922	347.69286
0.20166	563.96312	169.18894	308.89532
0.28488	603.54034	181.06210	330.57266
0.25850	576.30139	172.89042	315.65327
0.23022	585.08329	175.52499	320.46332
0.21098	638.26002	191.47801	349.58941
0.23026	618.20428	185.46128	338.60443
0.17483	403.00610	120.90183	220.73553
0.16800	421.21126	126.36338	230.70691
0.17436	446.25511	133.87653	244.42399
0.18080	392.96476	117.88943	215.23566
0.21606	504.00380	151.20114	276.05425
0.23134	668.73092	200.61928	366.27901
0.22610	821.64199	246.49260	450.03185
0.26564	957.80042	287.34013	524.60890
0.24721	1019.64616	305.89385	558.48320
0.24481	993.71940	298.11582	544.28253
0.29216	1061.62202	318.48661	581.47433
0.27115	1094.54881	328.36464	599.50907
0.26530	969.89388	290.96816	531.23276
0.24376	767.62830	230.28849	420.44734
0.24766	651.43239	195.42972	356.80421
0.31681	926.43675	277.93103	507.43031
0.31021	812.54778	243.76433	445.05075
0.26101	693.77948	208.13384	379.99867
0.24100	665.91639	199.77492	364.73743
0.22386	658.40139	197.52042	360.62129
0.21142	575.82531	172.74759	315.39251
0.19102	410.29346	123.08804	224.72698
0.15309	391.52929	117.45879	214.44942
0.15980	407.27243	122.18173	223.07230
0.17637	403.41239	121.02372	220.95807
0.19946	401.30132	120.39040	219.80179
0.23529	717.30226	215.19068	392.88263
0.26658	871.16378	261.34913	477.15605
0.25552	817.90701	245.37210	447.98612
0.26822	994.22112	298.26634	544.55733
0.25331	1043.48413	313.04524	571.53980
0.28607	1023.28424	306.98527	560.47586
0.27054	943.46350	283.03905	516.75624
0.27173	916.11899	274.83570	501.77904
0.25105	806.49761	241.94928	441.73693
0.29477	930.36861	279.11058	509.58387
0.30188	951.54319	285.46296	521.18167
0.31668	868.36586	260.50976	475.62357
0.28696	809.82735	242.94821	443.56071
0.23676	722.74530	216.82359	395.86390
0.21986	723.17526	216.95258	396.09940
0.21936	596.59332	178.97800	326.76762
0.19237	449.48658	134.84597	246.19394
0.17083	371.82160	111.54648	203.65508
0.16192	406.57412	121.97224	222.68982
0.17720	532.81183	159.84355	291.83306
0.18674	539.84545	161.95364	295.68553
0.22729	657.26188	197.17856	359.99716
0.26091	766.40836	229.92251	419.77915
0.26845	892.42765	267.72830	488.80275
0.27510	1016.90626	305.07188	556.98250
0.27472	1074.21371	322.26411	588.37108
0.29148	1093.90709	328.17213	599.15759
0.26413	901.42585	270.42776	493.73127
0.31158	991.75794	297.52738	543.20820
0.32416	987.03192	296.10958	540.61965
0.30682	893.81256	268.14377	489.56130
0.30112	911.37083	273.41125	499.17836
0.28986	822.04705	246.61412	450.25371
0.27298	822.29097	246.68729	450.38731
0.22386	643.03345	192.91004	352.20393
0.23433	621.64350	186.49305	340.48817
0.22568	700.05550	210.01665	383.43619
0.20195	534.88797	160.46639	292.97021
0.18741	422.87105	126.86132	231.61601
0.18183	483.64261	145.09278	264.90197
0.19166	550.59149	165.17745	301.57138
0.24246	683.94794	205.18438	374.61371
0.21286	611.16832	183.35050	334.75068
0.27427	739.38357	221.81507	404.97706
0.28019	855.10008	256.53002	468.35760
0.25968	976.45962	292.93789	534.82896
0.27021	1018.76884	305.63065	558.00267
0.28798	1069.25291	320.77587	585.65394
0.28009	1051.06085	315.31826	575.68974
0.27754	859.45686	257.83706	470.74391
0.33190	1037.98502	311.39551	568.52781
0.32846	1001.17155	300.35147	548.36424
0.29997	945.93100	283.77930	518.10775
0.28131	781.44858	234.43457	428.01701
0.27388	766.19427	229.85828	419.66189
0.23393	644.56883	193.37065	353.04489
0.23361	590.96846	177.29054	323.68676
0.21646	591.13305	177.33992	323.77691
0.22632	589.87257	176.96177	323.08651
0.19707	469.91505	140.97452	257.38307
0.19871	522.42030	156.72609	286.14138
0.18188	546.76960	164.03088	299.47804
0.22977	638.55484	191.56645	349.75089
0.21329	512.79981	153.83994	280.87202
0.25790	723.88000	217.16400	396.48540
0.26593	876.55507	262.96652	480.10898
0.25723	862.82070	258.84621	472.58636
0.27082	1039.59728	311.87918	569.41088
0.28911	982.73250	294.81975	538.26476
0.35520	1086.55506	325.96652	595.13072
0.30307	921.69939	276.50982	504.83555
0.30677	963.87783	289.16335	527.93763
0.34997	1050.64277	315.19283	575.46075
0.31304	970.82725	291.24818	531.74398
0.31480	898.12776	269.43833	491.92483
0.26965	699.26653	209.77996	383.00405
0.25648	684.83611	205.45083	375.10019
0.21559	479.58709	143.87613	262.68067
0.22095	498.13522	149.44057	272.83990
0.24299	614.50518	184.35155	336.57835
0.21702	463.29493	138.98848	253.75708
0.19846	500.61045	150.18314	274.19564
0.19373	567.49056	170.24717	310.82738
0.20802	546.51030	163.95309	299.33602
0.22555	610.49434	183.14830	334.38152
0.22739	660.19077	198.05723	361.60138
0.24216	783.42144	235.02643	429.09759
0.26920	911.41253	273.42376	499.20120
0.28577	989.49960	296.84988	541.97125
0.32079	1008.58509	302.57553	552.42480
0.34889	1132.10372	339.63112	620.07874
0.34502	1047.21444	314.16433	573.58297
0.32317	1074.56906	322.37072	588.56571
0.32876	1004.90485	301.47146	550.40905
0.30667	953.51467	286.05440	522.26149
0.29484	809.06551	242.71965	443.14343
0.26058	662.70932	198.81280	362.98084
0.24590	591.67371	177.50211	324.07304
0.23344	549.93650	164.98095	301.21263
0.21326	495.37366	148.61210	271.32733
0.26300	635.29113	190.58734	347.96328
0.23472	561.97885	168.59366	307.80849
0.22709	506.75268	152.02580	277.55987
0.18509	551.06506	165.31952	301.83076
0.19537	597.13795	179.14139	327.06593
0.21196	632.30003	189.69001	346.32499
0.22141	641.01685	192.30506	351.09939
0.22865	775.02807	232.50842	424.50036
0.25355	821.40053	246.42016	449.89960
0.27988	1025.28990	307.58697	561.57441
0.29634	1037.46192	311.23858	568.24130
0.33930	1151.24041	345.37212	630.56034
0.32119	997.98724	299.39617	546.62012
0.31845	990.55235	297.16571	542.54787
0.30445	919.74869	275.92461	503.76710
0.29838	894.91457	268.47437	490.16490
0.27930	921.27289	276.38187	504.60194
0.26172	813.84227	244.15268	445.75977
0.26469	683.33280	204.99984	374.27679
0.25210	686.29101	205.88730	375.89707
0.24950	682.23239	204.66972	373.67407
0.24142	633.55057	190.06517	347.00994
0.25747	818.38545	245.51564	448.24817
0.25361	728.83878	218.65163	399.20144
0.24236	804.88276	241.46483	440.85244
0.23683	783.14466	234.94340	428.94600
0.22736	803.20805	240.96242	439.93517
0.22646	776.18379	232.85514	425.13337
0.23650	665.22459	199.56738	364.35851
0.28568	994.68796	298.40639	544.81303
0.28850	1039.38407	311.81522	569.29410
0.30584	1061.50332	318.45100	581.40931
0.30923	1021.42838	306.42851	559.45936
0.34373	1143.65410	343.09623	626.40515
0.31712	947.13267	284.13980	518.76593
0.31351	957.56353	287.26906	524.47915
0.27981	935.56057	280.66817	512.42763
0.27621	925.13828	277.54148	506.71910
0.25071	818.30151	245.49045	448.20220
0.26137	802.44200	240.73260	439.51558
0.26590	842.65728	252.79718	461.54240
0.27940	854.81321	256.44396	468.20048
0.27586	867.94608	260.38382	475.39365
0.26563	925.53622	277.66087	506.93707
0.26882	897.41878	269.22563	491.53651
0.24978	776.12217	232.83665	425.09962
0.25124	822.82617	246.84785	450.68045
0.24239	723.79994	217.13998	396.44155
0.23981	857.84666	257.35400	469.86197
0.29255	927.23900	278.17170	507.86972
0.28366	897.48731	269.24619	491.57404
0.30157	1139.15901	341.74770	623.94309
0.32050	1110.22042	333.06613	608.09277
0.31442	1075.81048	322.74314	589.24567
0.35216	1171.89990	351.56997	641.87601
0.32547	1033.26078	309.97823	565.94024
0.29649	1056.23964	316.87189	578.52628
0.27370	1079.10413	323.73124	591.04967
0.26889	943.21859	282.96558	516.62210
0.26822	937.89878	281.36963	513.70832
0.25384	862.63892	258.79168	472.48680
0.25890	872.12288	261.63686	477.68137
0.27534	953.70752	286.11226	522.36712
0.27350	918.24938	275.47481	502.94590
0.27608	1021.80570	306.54171	559.66603
0.27963	957.10926	287.13278	524.23033
0.26088	893.31212	267.99364	489.28720
0.24561	866.25437	259.87631	474.46706
0.22699	745.50298	223.65089	408.32880
0.26359	719.53928	215.86178	394.10789
0.28246	954.36353	286.30906	522.72643
0.29483	980.10699	294.03210	536.82671
0.28742	957.20157	287.16047	524.28089
0.30028	1007.95993	302.38798	552.08239
0.30524	1037.85092	311.35528	568.45436
0.34986	1111.65907	333.49772	608.88075
0.31336	1009.99490	302.99847	553.19699
0.29446	1067.01844	320.10553	584.43007
0.27382	1011.94721	303.58416	554.26631
0.27437	951.27870	285.38361	521.03680
0.27638	996.42865	298.92860	545.76645
0.25173	810.81427	243.24428	444.10127
0.25947	936.16619	280.84986	512.75934
0.27878	1001.88716	300.56615	548.75620
0.28316	1077.38067	323.21420	590.10570
0.27009	989.72382	296.91715	542.09406
0.23627	856.24387	256.87316	468.98408
0.23910	874.92718	262.47815	479.21735
0.24349	810.76807	243.23042	444.07596
0.22538	582.71963	174.81589	319.16869
0.25905	748.97656	224.69297	410.23136
0.26626	859.54175	257.86253	470.79041
0.28261	929.86789	278.96037	509.30962
0.27213	887.81815	266.34545	486.27803
0.27589	1009.79440	302.93832	553.08717
0.31101	1062.03293	318.60988	581.69939
0.30633	907.23746	272.17124	496.91442
0.30204	954.08860	286.22658	522.57585
0.29243	1092.30655	327.69197	598.28094
0.24768	1020.72838	306.21851	559.07596
0.25971	1023.40018	307.02005	560.53936
0.27749	912.70058	273.81017	499.90670
0.24852	880.13359	264.04008	482.06902
0.27463	1013.31442	303.99433	555.01517
0.28297	1050.49274	315.14782	575.37857
0.29387	1051.64430	315.49329	576.00931
0.26530	1025.25188	307.57556	561.55358
0.25259	832.10028	249.63008	455.76009
0.24011	879.82096	263.94629	481.89779
0.24198	761.89828	228.56948	417.30887
0.22023	621.78128	186.53438	340.56363
0.25374	634.59249	190.37775	347.58062
0.25705	744.61967	223.38590	407.84499
0.27952	935.27344	280.58203	512.27036
0.27926	941.29541	282.38862	515.56873
0.30336	953.97181	286.19154	522.51188
0.31477	1045.13166	313.53950	572.44219
0.30292	973.62822	292.08847	533.27814
0.30333	963.17302	288.95191	527.55159
0.27711	996.10233	298.83070	545.58772
0.23700	899.68928	269.90678	492.78011
0.25794	1063.47839	319.04352	582.49110
0.25915	1020.45290	306.13587	558.92507
0.26784	922.37590	276.71277	505.20609
0.26799	986.39414	295.91824	540.27032
0.30814	1075.37050	322.61115	589.00468
0.27459	1119.19346	335.75804	613.00750
0.28049	1097.35818	329.20745	601.04783
0.25291	973.15461	291.94638	533.01873
0.23792	610.52104	183.15631	334.39615
0.21825	631.86488	189.55946	346.08665
0.21303	471.47534	141.44260	258.23768
0.24807	622.86216	186.85865	341.15566
0.24843	732.20638	219.66191	401.04595
0.23806	801.86305	240.55892	439.19848
0.26505	999.51337	299.85401	547.45602
0.30127	970.76012	291.22804	531.70722
0.30853	983.19545	294.95864	538.51833
0.30485	905.58134	271.67440	496.00733
0.26723	760.19111	228.05733	416.37382
0.27166	867.68139	260.30442	475.24867
0.25225	959.28923	287.78677	525.42435
0.27513	1046.53552	313.96066	573.21111
0.25857	998.86961	299.66088	547.10342
0.28536	946.63344	283.99003	518.49249
0.30958	1040.88734	312.26620	570.11748
0.29482	1117.08171	335.12451	611.85085
0.28988	1253.66766	376.10030	686.66206
0.28280	1164.11694	349.23508	637.61311
0.25397	497.34988	149.20496	272.40975
0.21424	533.61128	160.08338	292.27093
0.22125	582.30812	174.69244	318.94329
0.21392	594.26999	178.28100	325.49508
0.22860	607.17066	182.15120	332.56107
0.25839	822.35182	246.70555	450.42064
0.28325	900.86628	270.25988	493.42478
0.27953	918.27599	275.48280	502.96047
0.29141	990.75839	297.22752	542.66072
0.30460	930.84497	279.25349	509.84479
0.31745	944.91490	283.47447	517.55121
0.26234	783.17499	234.95250	428.96261
0.26219	844.42628	253.32788	462.51132
0.29349	1065.58884	319.67665	583.64704
0.29612	1043.35569	313.00671	571.46945
0.25862	955.06644	286.51993	523.11143
0.26271	845.01872	253.50562	462.83581
0.30203	1060.46907	318.14072	580.84283
0.31910	1146.58290	343.97487	628.00932
0.29295	1219.99194	365.99758	668.21711
0.24067	382.08627	114.62588	209.27727
0.26221	453.87794	136.16338	248.59919
0.24038	568.01092	170.40328	311.11239
0.23691	654.78397	196.43519	358.63995
0.20316	631.97485	189.59246	346.14688
0.24796	732.92395	219.87719	401.43898
0.26469	803.90044	241.17013	440.31440
0.27476	936.85542	281.05663	513.13685
0.27707	849.20614	254.76184	465.12936
0.29302	942.24445	282.67334	516.08854
0.31880	986.18766	295.85630	540.15723
0.32040	1030.03259	309.00978	564.17208
0.28858	947.30249	284.19075	518.85894
0.25095	833.60864	250.08259	456.58626
0.28296	949.18677	284.75603	519.89101
0.29267	1125.56900	337.67070	616.49953
0.27712	966.48220	289.94466	529.36410
0.28758	885.60510	265.68153	485.06589
0.28121	973.36810	292.01043	533.13567
0.29354	1117.49307	335.24792	612.07616
0.22459	351.19799	105.35940	192.35906
0.24287	396.29483	118.88845	217.05962
0.26245	532.48709	159.74613	291.65519
0.25928	639.49993	191.84998	350.26854
0.23321	647.14569	194.14371	354.45629
0.23684	659.53592	197.86078	361.24270
0.24983	746.38790	223.91637	408.81349
0.26998	851.89044	255.56713	466.59961
0.27633	844.95597	253.48679	462.80144
0.26310	779.80581	233.94174	427.11723
0.26115	805.30146	241.59044	441.08178
0.31075	968.34129	290.50239	530.38237
0.30810	1054.69663	316.40899	577.68114
0.29312	997.33713	299.20114	546.26404
0.27102	935.67555	280.70267	512.49061
0.28199	863.18891	258.95667	472.78804
0.27588	1046.19939	313.85982	573.02701
0.27272	951.32770	285.39831	521.06364
0.26218	839.69504	251.90851	459.91991
0.27908	930.39442	279.11833	509.59801
0.19551	409.82171	122.94651	224.46860
0.23375	443.39428	133.01828	242.85705
0.22690	339.09501	101.72850	185.72999
0.24088	467.49882	140.24965	256.05965
0.26234	659.08148	197.72444	360.99379
0.27607	771.00786	231.30236	422.29840
0.23918	556.22351	166.86705	304.65616
0.27942	799.15085	239.74526	437.71295
0.28251	758.72004	227.61601	415.56808
0.28755	747.85349	224.35605	409.61623
0.25170	719.66663	215.89999	394.17765
0.27302	854.37702	256.31311	467.96157
0.29652	980.21196	294.06359	536.88420
0.28960	986.69068	296.00720	540.43274
0.29606	1032.06133	309.61840	565.28327
0.28636	897.37933	269.21380	491.51490
0.28162	841.45786	252.43736	460.88545
0.27806	892.90033	267.87010	489.06165
0.26285	906.46952	271.94086	496.49380
0.26450	856.36375	256.90913	469.04974
0.15302	277.64400	83.29320	152.07188
0.18632	462.34887	138.70466	253.23891
0.22560	458.36318	137.50895	251.05585
0.22847	413.26121	123.97836	226.35249
0.26223	512.73443	153.82033	280.83621
0.25371	590.11913	177.03574	323.22156
0.27533	735.03272	220.50982	402.59400
0.26175	632.29962	189.68989	346.32476
0.26064	724.52660	217.35798	396.83956
0.25006	726.05803	217.81741	397.67836
0.28198	759.34480	227.80344	415.91028
0.26215	718.18152	215.45446	393.36422
0.25151	781.26146	234.37844	427.91452
0.28783	1022.70794	306.81238	560.16021
0.29425	999.75841	299.92752	547.59023
0.30758	1045.66415	313.69925	572.73384
0.27904	856.90827	257.07248	469.34799
0.26393	872.06241	261.61872	477.64825
0.26914	910.76427	273.22928	498.84614
0.24186	864.92137	259.47641	473.73694
0.15606	456.48945	136.94684	250.02957
0.18594	422.28168	126.68450	231.29320
0.19272	501.70183	150.51055	274.79341
0.21587	514.06893	154.22068	281.56715
0.22032	520.97676	156.29303	285.35072
0.23148	509.13564	152.74069	278.86507
0.24770	590.88282	177.26485	323.63985
0.28249	629.75132	188.92540	344.92900
0.26038	623.92250	187.17675	341.73643
0.27247	731.27140	219.38142	400.53384
0.25135	738.32258	221.49677	404.39593
0.26099	755.51597	226.65479	413.81314
0.24916	656.28446	196.88534	359.46180
0.25685	762.79089	228.83727	417.79778
0.27342	882.55964	264.76789	483.39782
0.30075	997.21982	299.16595	546.19979
0.27999	964.34798	289.30439	528.19514
0.28261	942.35538	282.70661	516.14930
0.28851	843.13122	252.93937	461.80199
0.27514	976.46711	292.94013	534.83306
0.16551	556.90834	167.07250	305.03126
0.16129	476.14338	142.84301	260.79447
0.19456	482.30229	144.69069	264.16784
0.22350	491.71419	147.51426	269.32295
0.22632	606.36654	181.90996	332.12063
0.21443	533.09819	159.92946	291.98990
0.21905	412.10651	123.63195	225.72003
0.22979	472.37926	141.71378	258.73278
0.26481	605.62170	181.68651	331.71267
0.28515	620.41291	186.12387	339.81415
0.28811	678.97910	203.69373	371.89217
0.25965	737.77529	221.33259	404.09617
0.23636	721.47480	216.44244	395.16802
0.23411	677.51899	203.25570	371.09243
0.23931	879.26661	263.77998	481.59416
0.28273	1013.56314	304.06894	555.15140
0.28288	1017.08214	305.12464	557.07883
0.29341	1022.00411	306.60123	559.77470
0.26236	868.86045	260.65814	475.89447
0.25736	811.33438	243.40031	444.38614
0.18564	715.32677	214.59803	391.80061
0.18243	623.49186	187.04756	341.50056
0.15904	490.26884	147.08065	268.53130
0.19859	519.28078	155.78423	284.42180
0.22173	597.77285	179.33186	327.41367
0.24731	681.29501	204.38850	373.16065
0.21025	549.57296	164.87189	301.01351
0.20784	494.61265	148.38380	270.91051
0.22011	421.31715	126.39515	230.76491
0.25229	536.01685	160.80506	293.58852
0.29312	724.62817	217.38845	396.89519
0.31142	695.44335	208.63301	380.91001
0.25643	644.65067	193.39520	353.08971
0.23725	749.52148	224.85644	410.52982
0.22076	730.01858	219.00557	399.84764
0.25866	851.76255	255.52877	466.52956
0.25539	937.15459	281.14638	513.30071
0.29546	1146.89007	344.06702	628.17756
0.27694	1038.95955	311.68787	569.06158
0.26794	860.31996	258.09599	471.21665
0.20850	806.38319	241.91496	441.67426
0.22648	770.70476	231.21143	422.13238
0.17019	674.25094	202.27528	369.30245
0.17186	583.41550	175.02465	319.54983
0.19581	506.53156	151.95947	277.43876
0.23643	633.28456	189.98537	346.86424
0.24047	585.06660	175.51998	320.45417
0.21303	489.20989	146.76297	267.95129
0.23222	639.84197	191.95259	350.45588
0.22276	412.49479	123.74844	225.93270
0.24942	435.93925	130.78178	238.77376
0.29638	688.07822	206.42347	376.87596
0.30495	737.78628	221.33588	404.10219
0.26271	641.65705	192.49712	351.45004
0.24178	614.35336	184.30601	336.49519
0.23291	760.91416	228.27425	416.76985
0.23879	871.47651	261.44295	477.32734
0.24411	930.33181	279.09954	509.56372
0.26138	960.37645	288.11294	526.01985
0.26500	974.73462	292.42039	533.88414
0.20044	725.65921	217.69776	397.45992
0.19968	752.91723	225.87517	412.38975
0.21449	795.28595	238.58579	435.59605
0.17551	628.97811	188.69343	344.50550
0.19231	596.16115	178.84835	326.53091
0.22818	670.63761	201.19128	367.32335
0.22660	663.24217	198.97265	363.27270
0.21883	564.73376	169.42013	309.31742
0.20594	529.32301	158.79690	289.92215
0.21656	459.21323	137.76397	251.52144
0.22331	453.76751	136.13025	248.53870
0.24406	434.05679	130.21704	237.74270
0.26655	570.23002	171.06901	312.32784
0.29881	654.29183	196.28755	358.37039
0.27659	758.64992	227.59498	415.52967
0.24374	644.26745	193.28024	352.87982
0.23587	776.63541	232.99062	425.38073
0.21321	769.33327	230.79998	421.38119
0.24050	892.34360	267.70308	488.75672
0.24147	934.19230	280.25769	511.67820
0.24311	889.67886	266.90366	487.29718
0.20337	683.52204	205.05661	374.38044
0.22074	711.45986	213.43796	389.68261
0.21570	794.97455	238.49237	435.42549
0.19270	715.29284	214.58785	391.78202
0.20985	717.20673	215.16202	392.83030
0.22887	696.57942	208.97383	381.53226
0.22662	615.11304	184.53391	336.91129
0.23967	593.20714	177.96214	324.91293
0.21365	556.96484	167.08945	305.06221
0.22800	600.16851	180.05055	328.72583
0.21385	506.72174	152.01652	277.54293
0.23253	466.74852	140.02456	255.64869
0.29727	708.26636	212.47991	387.93346
0.32311	782.62508	234.78752	428.66141
0.28502	846.09262	253.82779	463.42401
0.24944	768.22659	230.46798	420.77503
0.23342	782.89782	234.86935	428.81080
0.19582	768.43577	230.53073	420.88961
0.21827	832.28570	249.68571	455.86165