Layer 2			
phi	   kx	           ky	         kz
0.22008	576.94683	173.08405	316.00679
0.22442	524.52551	157.35765	287.29445
0.25585	589.95013	176.98504	323.12899
0.26103	562.22105	168.66632	307.94115
0.25784	569.65638	170.89691	312.01365
0.22148	576.06365	172.81910	315.52306
0.24181	584.59557	175.37867	320.19618
0.27206	712.96492	213.88948	390.50697
0.22416	630.34196	189.10259	345.25251
0.21995	646.96683	194.09005	354.35833
0.22929	662.96179	198.88854	363.11913
0.25783	838.39947	251.51984	459.21030
0.23272	705.90859	211.77258	386.64206
0.25205	595.31908	178.59572	326.06969
0.24319	549.82975	164.94893	301.15416
0.25026	513.15119	153.94536	281.06448
0.28541	759.19496	227.75849	415.82821
0.25084	720.88718	216.26615	394.84617
0.22633	712.44645	213.73394	390.22299
0.19272	631.41036	189.42311	345.83770
0.19040	555.53484	166.66045	304.27896
0.20678	578.04076	173.41223	316.60596
0.20695	561.61717	168.48515	307.61039
0.23411	512.66084	153.79825	280.79591
0.26262	598.30523	179.49157	327.70527
0.24696	570.41844	171.12553	312.43105
0.26306	666.62550	199.98765	365.12582
0.26056	721.16992	216.35098	395.00103
0.23486	666.12219	199.83666	364.85015
0.23900	700.32808	210.09842	383.58549
0.19712	614.18777	184.25633	336.40450
0.22035	666.07290	199.82187	364.82315
0.26242	794.10135	238.23041	434.94722
0.21821	600.74949	180.22485	329.04405
0.22134	578.99260	173.69778	317.12731
0.26136	569.03962	170.71189	311.67584
0.24299	590.21240	177.06372	323.27265
0.29476	803.14518	240.94355	439.90073
0.26059	829.17604	248.75281	454.15842
0.25259	826.90932	248.07280	452.91689
0.18396	542.58470	162.77541	297.18588
0.19090	571.43035	171.42911	312.98529
0.21532	586.17044	175.85113	321.05877
0.22079	618.31946	185.49584	338.66752
0.23778	639.15967	191.74790	350.08217
0.25464	657.83781	197.35134	360.31261
0.26653	665.72463	199.71739	364.63240
0.25658	632.54447	189.76334	346.45887
0.22998	702.69090	210.80727	384.87966
0.25302	745.22191	223.56657	408.17485
0.24023	736.32071	220.89621	403.29946
0.23180	711.63929	213.49179	389.78089
0.23059	780.32191	234.09657	427.39991
0.22937	764.29469	229.28841	418.62144
0.24423	596.12345	178.83704	326.51026
0.24594	581.07330	174.32199	318.26695
0.24700	521.00420	156.30126	285.36575
0.25456	656.18067	196.85420	359.40495
0.27768	838.53543	251.56063	459.28477
0.28830	929.09975	278.72993	508.88889
0.23271	769.26407	230.77922	421.34328
0.21594	638.76481	191.62944	349.86590
0.20134	582.33389	174.70017	318.95741
0.21344	612.66289	183.79887	335.56928
0.23242	720.87397	216.26219	394.83893
0.24079	628.05777	188.41733	344.00141
0.26873	761.10241	228.33072	416.87296
0.26449	645.48894	193.64668	353.54885
0.27539	785.04253	235.51276	429.98550
0.26678	778.75529	233.62659	426.54184
0.24225	757.27316	227.18195	414.77559
0.27431	773.01861	231.90558	423.39973
0.22514	762.87989	228.86397	417.84652
0.24421	818.46958	245.54087	448.29425
0.24224	675.67749	202.70325	370.08380
0.29166	721.42988	216.42896	395.14342
0.27937	629.82001	188.94600	344.96663
0.25084	723.34694	217.00408	396.19344
0.25151	681.88281	204.56484	373.48260
0.27233	832.65525	249.79658	456.06406
0.21976	848.89706	254.66912	464.96007
0.24784	846.98534	254.09560	463.91298
0.23660	676.15306	202.84592	370.34428
0.20191	554.49194	166.34758	303.70774
0.20303	625.79774	187.73932	342.76354
0.24866	766.21593	229.86478	419.67375
0.27328	683.34869	205.00461	374.28549
0.28741	750.47638	225.14291	411.05284
0.27379	766.45444	229.93633	419.80439
0.27701	808.08569	242.42571	442.60676
0.25550	782.39607	234.71882	428.53598
0.27197	856.23468	256.87040	468.97905
0.28826	826.99585	248.09876	452.96428
0.24762	746.76231	224.02869	409.01856
0.23318	670.17864	201.05359	367.07196
0.23765	661.01873	198.30562	362.05487
0.26317	647.86339	194.35902	354.84939
0.28139	682.63728	204.79118	373.89584
0.25874	679.15779	203.74734	371.99004
0.28260	751.53542	225.46063	411.63290
0.19728	811.09975	243.32993	444.25763
0.21573	818.09935	245.42981	448.09147
0.25454	887.45973	266.23792	486.08171
0.24211	657.31412	197.19424	360.02577
0.20640	617.54622	185.26387	338.24399
0.19396	577.99549	173.39865	316.58117
0.24891	800.03240	240.00972	438.19579
0.27598	743.72690	223.11807	407.35600
0.28519	768.42802	230.52841	420.88536
0.24906	786.68002	236.00401	430.88239
0.23949	753.26252	225.97876	412.57887
0.25653	816.25196	244.87559	447.07961
0.24641	878.20567	263.46170	481.01306
0.27298	830.07644	249.02293	454.65159
0.22309	714.37010	214.31103	391.27662
0.22517	656.13992	196.84198	359.38264
0.23947	646.76961	194.03088	354.25030
0.26020	640.28825	192.08648	350.70032
0.29135	650.44661	195.13398	356.26428
0.26179	615.85828	184.75748	337.31947
0.20219	712.96348	213.88904	390.50618
0.20680	759.72453	227.91736	416.11826
0.21941	845.67373	253.70212	463.19458
0.24365	764.54345	229.36304	418.75769
0.23143	577.78192	173.33458	316.46419
0.22948	608.71433	182.61430	333.40657
0.19171	607.36405	182.20922	332.66699
0.24680	796.40219	238.92066	436.20744
0.28162	867.80247	260.34074	475.31499
0.27510	863.67486	259.10246	473.05420
0.22633	808.83712	242.65114	443.01834
0.23768	846.25705	253.87712	463.51408
0.27107	967.65620	290.29686	530.00713
0.23181	849.30293	254.79088	465.18237
0.26421	759.22323	227.76697	415.84369
0.24581	665.63774	199.69132	364.58481
0.21709	599.68642	179.90593	328.46178
0.23264	631.01478	189.30443	345.62103
0.28214	685.65683	205.69705	375.54971
0.29311	632.95551	189.88665	346.68401
0.23130	874.58622	262.37587	479.03060
0.19973	771.87535	231.56261	422.77354
0.19027	769.11921	230.73576	421.26394
0.23751	819.77293	245.93188	449.00813
0.24513	697.16831	209.15049	381.85481
0.24185	628.52998	188.55899	344.26005
0.22792	625.33625	187.60088	342.51077
0.20381	707.65230	212.29569	387.59713
0.22322	822.48288	246.74486	450.49243
0.22372	814.51579	244.35474	446.12867
0.26328	919.92572	275.97772	503.86407
0.20820	742.00668	222.60200	406.41380
0.25291	902.86052	270.85816	494.51707
0.28337	978.70022	293.61007	536.05619
0.24551	815.38361	244.61508	446.60400
0.24074	694.04921	208.21476	380.14641
0.22919	614.49576	184.34873	336.57319
0.19343	495.64309	148.69293	271.47490
0.26775	675.30229	202.59069	369.87830
0.30703	722.36620	216.70986	395.65626
0.26354	947.06629	284.11989	518.72957
0.21471	822.13841	246.64152	450.30375
0.21026	818.55414	245.56624	448.34057
0.21515	805.95139	241.78542	441.43776
0.22588	760.95472	228.28642	416.79207
0.23373	670.31526	201.09458	367.14679
0.21111	598.20222	179.46067	327.64885
0.20341	625.21712	187.56514	342.44552
0.19910	724.96834	217.49050	397.08151
0.22489	841.45399	252.43620	460.88333
0.25002	907.80720	272.34216	497.22648
0.24060	980.12954	294.03886	536.83906
0.24509	948.96115	284.68835	519.76743
0.26624	962.16063	288.64819	526.99708
0.25458	948.37126	284.51138	519.44433
0.25138	855.32364	256.59709	468.48005
0.21145	674.01692	202.20508	369.17427
0.20652	520.35903	156.10771	285.01238
0.21768	642.20070	192.66021	351.74781
0.27677	625.39578	187.61873	342.54338
0.27393	983.15038	294.94511	538.49364
0.28355	1034.06658	310.21997	566.38159
0.20939	772.56821	231.77046	423.15304
0.19673	721.83210	216.54963	395.36372
0.22686	756.06014	226.81804	414.11119
0.22367	718.53250	215.55975	393.55646
0.22755	641.31410	192.39423	351.26220
0.22240	642.90368	192.87110	352.13285
0.22378	735.65421	220.69626	402.93441
0.22198	831.81641	249.54492	455.60461
0.23221	823.94345	247.18304	451.29241
0.23937	946.38777	283.91633	518.35793
0.22419	1011.12049	303.33615	553.81350
0.25662	1072.72345	321.81704	587.55483
0.25354	970.64032	291.19210	531.64160
0.23709	896.54793	268.96438	491.05953
0.23242	830.20154	249.06046	454.72011
0.20468	659.35450	197.80635	361.14333
0.22116	602.27105	180.68132	329.87744
0.21039	500.17019	150.05106	273.95450
0.26120	1008.41088	302.52326	552.32939
0.26808	1073.53816	322.06145	588.00107
0.26639	986.01334	295.80400	540.06175
0.22084	714.87547	214.46264	391.55342
0.19772	590.37856	177.11357	323.36365
0.23062	639.08785	191.72636	350.04283
0.24163	696.51494	208.95448	381.49694
0.24978	625.66810	187.70043	342.69253
0.24767	716.31371	214.89411	392.34118
0.23861	750.88450	225.26535	411.27638
0.24204	889.71470	266.91441	487.31681
0.22376	847.16642	254.14993	464.01216
0.22360	940.08306	282.02492	514.90470
0.25720	1053.25142	315.97543	576.88956
0.25860	1143.97731	343.19319	626.58218
0.23296	928.20832	278.46250	508.40063
0.24052	896.94512	269.08354	491.27708
0.22012	762.97632	228.89290	417.89934
0.19769	595.74054	178.72216	326.30053
0.23035	551.32093	165.39628	301.97091
0.24658	803.40302	241.02091	440.04196
0.26739	933.26600	279.97980	511.17084
0.27090	950.27148	285.08144	520.48513
0.25577	881.73158	264.51947	482.94428
0.23258	663.86445	199.15934	363.61353
0.23525	604.41331	181.32399	331.05080
0.26445	559.74985	167.92496	306.58762
0.22897	616.91702	185.07511	337.89937
0.24557	626.47569	187.94271	343.13487
0.24640	664.03479	199.21044	363.70683
0.26929	852.05624	255.61687	466.69042
0.26089	917.75615	275.32685	502.67575
0.24723	1020.53122	306.15937	558.96797
0.22057	1029.51544	308.85463	563.88883
0.26403	1108.78286	332.63486	607.30538
0.24656	1080.85031	324.25509	592.00610
0.22946	926.06071	277.81821	507.22434
0.21952	904.96117	271.48835	495.66765
0.21537	719.91897	215.97569	394.31586
0.19303	552.02527	165.60758	302.35669
0.24761	782.79469	234.83841	428.75431
0.22443	791.84879	237.55464	433.71344
0.26170	908.44367	272.53310	497.57509
0.26531	885.66933	265.70080	485.10107
0.28051	895.95162	268.78549	490.73291
0.25863	675.37630	202.61289	369.91883
0.26798	652.72327	195.81698	357.51126
0.26982	557.34391	167.20317	305.26983
0.23101	603.22656	180.96797	330.40079
0.25117	636.19097	190.85729	348.45615
0.23687	675.81241	202.74372	370.15770
0.25859	891.24188	267.37256	488.15328
0.26413	892.30880	267.69264	488.73766
0.24869	1048.88146	314.66444	574.49604
0.25688	1096.46684	328.94005	600.55962
0.26710	1160.20096	348.06029	635.46824
0.23311	1106.73559	332.02068	606.18405
0.22623	845.62511	253.68753	463.16795
0.21184	799.16998	239.75099	437.72343
0.22404	817.95513	245.38654	448.01248
0.24876	801.48679	240.44604	438.99239
0.24195	812.49374	243.74812	445.02115
0.24915	813.31660	243.99498	445.47185
0.27564	939.39862	281.81959	514.52981
0.27069	861.32915	258.39875	471.76940
0.28600	818.78945	245.63684	448.46945
0.25947	650.05327	195.01598	356.04884
0.25947	564.51473	169.35442	309.19745
0.27585	564.00687	169.20206	308.91929
0.21902	500.04375	150.01313	273.88524
0.21749	494.67783	148.40335	270.94621
0.21995	624.53212	187.35964	342.07033
0.26065	828.36848	248.51054	453.71610
0.24898	930.77914	279.23374	509.80873
0.22061	955.41889	286.62567	523.30448
0.25484	1062.39131	318.71739	581.89569
0.23863	977.71175	293.31353	535.51478
0.22098	930.54405	279.16322	509.67997
0.23659	968.83344	290.65003	530.65193
0.21341	805.18328	241.55498	441.01705
0.24825	811.73178	243.51953	444.60381
0.23147	817.49143	245.24743	447.75850
0.23550	716.43416	214.93025	392.40715
0.25411	800.61678	240.18503	438.51587
0.28931	952.31754	285.69526	521.60580
0.30770	906.31187	271.89356	496.40746
0.27346	739.99888	221.99966	405.31408
0.26128	611.83433	183.55030	335.11546
0.28117	501.54956	150.46487	274.71001
0.25900	480.45232	144.13570	263.15457
0.23241	408.93214	122.67964	223.98136
0.22499	505.43717	151.63115	276.83934
0.22470	593.90313	178.17094	325.29414
0.24715	770.59600	231.17880	422.07281
0.21528	819.53808	245.86142	448.87949
0.20330	856.99540	257.09862	469.39571
0.22387	888.00129	266.40039	486.37834
0.23663	938.72673	281.61802	514.16181
0.22934	927.21439	278.16432	507.85624
0.22797	879.34834	263.80450	481.63892
0.21877	671.96663	201.58999	368.05128
0.23982	848.10152	254.43046	464.52433
0.22106	757.91331	227.37399	415.12622
0.25177	807.48096	242.24429	442.27554
0.28702	887.71552	266.31466	486.22181
0.31404	964.82981	289.44894	528.45905
0.31248	893.97659	268.19298	489.65114
0.28182	687.62393	206.28718	376.62714
0.25530	526.59036	157.97711	288.42542
0.29023	433.68125	130.10438	237.53700
0.26028	462.49233	138.74770	253.31748
0.22947	353.95798	106.18739	193.87077
0.25469	457.45732	137.23720	250.55969
0.21724	656.02717	196.80815	359.32088
0.22780	780.91161	234.27348	427.72290
0.22062	847.82207	254.34662	464.37127
0.20565	830.40769	249.12231	454.83302
0.23805	850.24488	255.07346	465.69830
0.21674	845.16938	253.55081	462.91833
0.20079	888.42073	266.52622	486.60807
0.21408	660.23239	198.06972	361.62417
0.20322	643.66372	193.09912	352.54914
0.23743	786.75442	236.02633	430.92314
0.22638	813.91797	244.17539	445.80123
0.22391	687.27666	206.18300	376.43693
0.30446	993.63607	298.09082	544.23689
0.29293	948.83873	284.65162	519.70038
0.28947	813.63075	244.08923	445.64392
0.27184	652.48505	195.74552	357.38078
0.26133	463.43120	139.02936	253.83172
0.28037	433.34630	130.00389	237.35354
0.25778	365.17836	109.55351	200.01643
0.24729	344.27155	103.28147	188.56529
0.22631	504.02132	151.20640	276.06385
0.21354	644.00643	193.20193	352.73685
0.20334	709.76750	212.93025	388.75567
0.22114	778.37602	233.51281	426.33410
0.22044	746.01242	223.80373	408.60783
0.23434	807.15028	242.14508	442.09442
0.18168	660.69024	198.20707	361.87495
0.18855	517.97280	155.39184	283.70539
0.18832	585.22553	175.56766	320.54122
0.18270	610.13140	183.03942	334.18273
0.21503	813.90961	244.17288	445.79665
0.20733	774.91406	232.47422	424.43791
0.21752	682.39348	204.71804	373.76230
0.26353	879.48357	263.84507	481.71299
0.31380	965.01936	289.50581	528.56287
0.32137	831.87585	249.56276	455.63717
0.27296	558.65147	167.59544	305.98601
0.27955	453.87328	136.16198	248.59663
0.24851	366.59570	109.97871	200.79273
0.23397	339.12060	101.73618	185.74400
0.24132	395.29800	118.58940	216.51363
0.23235	517.22514	155.16754	283.29588
0.22058	611.88132	183.56440	335.14120
0.22378	715.63000	214.68900	391.96669
0.25224	778.28095	233.48429	426.28203
0.23195	633.95742	190.18723	347.23278
0.21032	626.53815	187.96145	343.16908
0.21389	629.69946	188.90984	344.90060
0.20420	607.05851	182.11755	332.49964
0.19641	603.93416	181.18025	330.78836
0.19285	660.53953	198.16186	361.79240
0.20345	742.89101	222.86730	406.89816
0.19445	617.87666	185.36300	338.42498
0.21785	745.42464	223.62739	408.28589
0.25601	817.68431	245.30529	447.86414
0.32197	976.79825	293.03948	535.01444
0.31450	754.64086	226.39226	413.33382
0.28787	577.75167	173.32550	316.44762
0.28233	459.38251	137.81475	251.61416
0.25092	378.40738	113.52221	207.26226
0.23472	389.38544	116.81563	213.27519
0.23226	448.26762	134.48029	245.52629
0.21330	454.87391	136.46217	249.14470
0.22367	603.59454	181.07836	330.60235
0.24508	611.08662	183.32599	334.70593
0.21996	565.16653	169.54996	309.55446
0.21965	602.15911	180.64773	329.81613
0.23899	668.24889	200.47467	366.01499
0.21129	650.91532	195.27460	356.52100
0.17136	504.95825	151.48748	276.57702
0.17805	659.08624	197.72587	360.99640
0.18229	741.43172	222.42952	406.09888
0.18820	697.90412	209.37124	382.25783
0.18706	697.94282	209.38285	382.27903
0.20820	768.86984	230.66095	421.12736
0.25239	864.95241	259.48572	473.75395
0.32029	978.04263	293.41279	535.69601
0.29764	758.40269	227.52081	415.39426
0.29442	615.95765	184.78730	337.37390
0.27076	448.07928	134.42378	245.42313
0.25935	349.82074	104.94622	191.60471
0.24204	455.78195	136.73459	249.64206
0.24615	496.04548	148.81364	271.69530
0.25066	637.18674	191.15602	349.00155
0.23529	579.24377	173.77313	317.26488
0.25701	603.49943	181.04983	330.55025
0.20388	429.76050	128.92815	235.38952
0.23836	679.79526	203.93858	372.33920
0.21869	673.64392	202.09318	368.96997
0.22204	594.75369	178.42611	325.76001
0.17397	532.89283	159.86785	291.87742
0.18426	686.94185	206.08256	376.25355
0.18749	835.00567	250.50170	457.35144
0.18108	709.35051	212.80515	388.52728
0.18176	762.01365	228.60410	417.37207
0.18828	777.71324	233.31397	425.97108
0.29676	955.52692	286.65808	523.36365
0.31330	961.40073	288.42022	526.58087
0.29725	776.88187	233.06456	425.51572
0.27962	555.86149	166.75845	304.45788
0.29477	491.46834	147.44050	269.18830
0.24468	303.97477	91.19243	166.49384
0.24743	355.04947	106.51484	194.46860
0.24864	473.68482	142.10545	259.44786
0.27391	699.55045	209.86514	383.15956
0.26531	606.00293	181.80088	331.92147
0.25646	524.14173	157.24252	287.08425
0.26774	833.69686	250.10906	456.63458
0.22203	685.80963	205.74289	375.63340
0.21395	708.20294	212.46088	387.89873
0.18563	484.02429	145.20729	265.11102
0.17616	556.11351	166.83405	304.59591
0.20885	766.32678	229.89803	419.73446
0.18926	759.88099	227.96430	416.20396
0.19191	733.79010	220.13703	401.91339
0.18778	828.00838	248.40251	453.51887
0.22583	877.61058	263.28317	480.68711
0.27939	958.66061	287.59818	525.08004
0.29287	807.84652	242.35396	442.47576
0.28590	722.06770	216.62031	395.49277
0.27475	531.32426	159.39728	291.01828
0.26054	445.99585	133.79876	244.28199
0.25234	377.92764	113.37829	206.99949
0.27800	436.23267	130.86980	238.93447
0.26408	497.56085	149.26826	272.52530
0.29365	655.89118	196.76735	359.24639
0.27340	507.08606	152.12582	277.74247
0.27300	789.93581	236.98074	432.66566
0.27233	801.16457	240.34937	438.81591
0.21781	652.90014	195.87004	357.60813
0.21545	597.05799	179.11740	327.02213
0.18131	530.26778	159.08033	290.43962
0.18403	695.44877	208.63463	380.91298
0.21315	782.57264	234.77179	428.63269
0.20702	689.46196	206.83859	377.63387
0.18564	763.77537	229.13261	418.33700
0.20205	849.06228	254.71868	465.05056
0.25712	1002.84026	300.85208	549.27823
0.27587	912.71710	273.81513	499.91574
0.27260	673.78726	202.13618	369.04848
0.28556	672.12370	201.63711	368.13731
0.28281	547.99183	164.39755	300.14749
0.26711	462.94219	138.88266	253.56388
0.25034	445.94852	133.78456	244.25606
0.27778	517.62304	155.28691	283.51382
0.28393	466.23011	139.86903	255.36475
0.31657	564.29635	169.28891	309.07784
0.26938	754.96193	226.48858	413.50968
0.27963	787.33598	236.20079	431.24168
0.26404	740.63021	222.18906	405.65987
0.22950	669.51568	200.85470	366.70884
0.23062	620.40433	186.12130	339.80945
0.17990	560.34516	168.10355	306.91368
0.17470	654.56590	196.36977	358.52051
0.22096	754.79639	226.43892	413.41901
0.21158	684.22484	205.26745	374.76538
0.20190	846.18743	253.85623	463.47594
0.21496	891.27878	267.38363	488.17349
0.24130	848.72178	254.61653	464.86406
0.29531	856.98492	257.09548	469.38997
0.25742	617.37489	185.21247	338.15015
0.25794	559.33886	167.80166	306.36251
0.25970	514.28140	154.28442	281.68352
0.28058	539.84205	161.95262	295.68367
0.25808	428.71149	128.61345	234.81495
0.28282	498.60588	149.58176	273.09769
0.30379	564.74891	169.42467	309.32572
0.26325	677.78015	203.33405	371.23548
0.28309	791.43958	237.43187	433.48931
0.28616	747.30853	224.19256	409.31774
0.25849	722.45837	216.73751	395.70675
0.24608	758.61210	227.58363	415.50896
0.20483	625.35682	187.60705	342.52204
0.19585	593.05301	177.91590	324.82851
0.20284	687.37818	206.21345	376.49253
0.23642	699.52156	209.85647	383.14374
0.22497	812.81517	243.84455	445.19720
0.21982	853.78132	256.13440	467.63529
0.22092	859.00905	257.70272	470.49863
0.24162	824.96535	247.48961	451.85213
0.24908	681.82429	204.54729	373.45054
0.27541	591.63310	177.48993	324.05079
0.23565	482.03487	144.61046	264.02137
0.26606	567.57361	170.27208	310.87287
0.23399	439.01024	131.70307	240.45581
0.27523	443.66360	133.09908	243.00456
0.32407	552.60771	165.78231	302.67571
0.26837	682.17676	204.65303	373.64360
0.26406	624.82926	187.44878	342.23308
0.25292	734.20999	220.26300	402.14337
0.29556	765.82120	229.74636	419.45755
0.25540	698.26489	209.47947	382.45543
0.22047	611.09512	183.32854	334.71058
0.21086	611.41107	183.42332	334.88363
0.19276	589.95455	176.98637	323.13141
0.23745	776.42636	232.92791	425.26623
0.22323	777.48719	233.24616	425.84727
0.26476	848.33807	254.50142	464.65390
0.24132	924.28560	277.28568	506.25207
0.23113	871.22247	261.36674	477.18820
0.23937	735.58001	220.67400	402.89376
0.24723	665.94468	199.78340	364.75292
0.22904	481.61771	144.48531	263.79288
0.24776	552.20488	165.66146	302.45507
0.23712	555.82986	166.74896	304.44055
0.21331	432.26677	129.68003	236.76226
0.29276	567.62059	170.28618	310.89860
0.28462	736.10235	220.83071	403.17986
0.27997	754.98952	226.49686	413.52479
0.23733	653.58656	196.07597	357.98410
0.25431	610.33092	183.09928	334.29201
0.26833	684.01527	205.20458	374.65059
0.22662	628.69907	188.60972	344.35266
0.21930	664.85711	199.45713	364.15724
0.22503	698.88174	209.66452	382.79329
0.22796	664.30682	199.29205	363.85583
0.26014	772.66537	231.79961	423.20625
0.25069	807.79002	242.33701	442.44482
0.28080	884.87583	265.46275	484.66645
0.25268	841.10901	252.33270	460.69438
0.24542	826.07083	247.82125	452.45763
0.22847	688.33840	206.50152	377.01847
0.23217	576.15081	172.84524	315.57080
0.24440	493.14229	147.94269	270.10516
0.25615	593.07459	177.92238	324.84033
0.22026	462.54828	138.76448	253.34813
0.25009	441.16992	132.35098	241.63872
0.27373	793.78259	238.13478	434.77263
0.27174	757.17007	227.15102	414.71913
0.24703	636.29036	190.88711	348.51058
0.24365	614.62054	184.38616	336.64153
0.26112	740.53179	222.15954	405.60597
0.22164	559.13119	167.73936	306.24877
0.20901	619.06861	185.72058	339.07784
0.22262	719.20778	215.76233	393.92632
0.24473	748.36637	224.50991	409.89714
0.22215	586.42778	175.92833	321.19972
0.26519	792.33297	237.69989	433.97864
0.26633	755.32944	226.59883	413.71097
0.27259	819.28394	245.78518	448.74029
0.26536	958.66589	287.59977	525.08293
0.22953	709.46412	212.83924	388.58950
0.20857	595.53168	178.65950	326.18613
0.22455	532.66549	159.79965	291.75290
0.22558	450.33591	135.10077	246.65914
0.22348	517.79298	155.33789	283.60690
0.20584	431.54527	129.46358	236.36708
0.23919	655.19456	196.55837	358.86484
0.27339	797.33272	239.19982	436.71712
0.24189	659.28744	197.78623	361.10660
0.23608	527.82163	158.34649	289.09981
0.27948	773.66492	232.09948	423.75373
0.23311	633.06824	189.92047	346.74576
0.20986	600.84334	180.25300	329.09545
0.20929	595.70095	178.71029	326.27885
0.26201	779.73315	233.91995	427.07744
0.26001	779.97432	233.99230	427.20953
0.28167	785.81280	235.74384	430.40740
0.29354	849.54438	254.86331	465.31462
0.29049	773.28566	231.98570	423.54600
0.28505	904.44978	271.33493	495.38755
0.27992	864.89818	259.46945	473.72424
0.23346	660.77612	198.23284	361.92199
0.21740	562.13049	168.63915	307.89155
0.20116	468.23357	140.47007	256.46209
0.23289	541.90812	162.57244	296.81530
0.22829	514.94119	154.48236	282.04491
0.25631	663.48218	199.04465	363.40416
0.28260	779.84999	233.95500	427.14143
0.28863	715.85437	214.75631	392.08959
0.25194	641.52600	192.45780	351.37826
0.25504	702.73907	210.82172	384.90604
0.27061	766.10411	229.83123	419.61250
0.22548	612.59348	183.77804	335.53127
0.21808	556.58239	166.97472	304.85273
0.23512	683.60697	205.08209	374.42696
0.27171	787.55342	236.26603	431.36077
0.29228	807.77899	242.33370	442.43877
0.31352	888.04948	266.41484	486.40473
0.30653	902.84054	270.85216	494.50613
0.34040	921.07435	276.32231	504.49320
0.31639	906.09273	271.82782	496.28743
0.24642	764.05497	229.21649	418.49014
0.21549	536.31528	160.89458	293.75198
0.21692	520.74926	156.22478	285.22612
0.16940	395.75657	118.72697	216.76480
0.21217	459.87126	137.96138	251.88186
